SETTINGS
nbBoids 50
width 800
height 600
r 50
dmin 20
wcoh 0.01
wsep 0.05
wali 0.125
bounce 0
obstacle 1
predator 0
BOIDS
416.255 237.445 -1.44663 0.669927
532.794 83.8701 -0.884941 2.27376
763.402 115.018 -1.68598 -0.0385214
139.98 322.228 -2.77897 2.87703
693.125 266.777 0.740317 -0.447792
47.3212 345.83 -1.00848 -0.174578
759.75 109.045 -1.6564 -0.0575375
328.31 219.768 -1.33346 -0.59719
292.712 357.973 -0.0319089 -0.748455
511.266 73.8105 1.02405 2.74297
761.851 110.947 -1.63454 -0.0700163
766.194 108.008 -1.70377 -0.0791503
52.0443 343.271 -1.01516 -0.17155
501.338 241.975 -0.990974 0.691714
764.688 113.028 -1.68835 -0.0565202
766.916 111.251 -1.67679 -0.0660668
526.95 84.7954 -0.779309 2.39019
692.856 264.861 1.53099 -0.497666
530.038 88.36 -0.84723 2.29561
689.97 265.35 1.56766 -0.470326
695.19 268.534 1.52648 -0.320128
47.9401 340.926 -1.00684 -0.172121
49.6 347.456 -1.01992 -0.170667
39.7516 587.081 -0.898268 0.981983
534.608 524.204 -0.880696 0.163288
690.654 269.167 1.59215 -0.464069
529.349 84.6164 -0.760218 2.27966
151.74 546.013 -0.405948 -2.10432
82.8447 243.5 -0.642801 1.03777
528.153 82.6743 -0.374226 2.32733
52.6584 345.953 -1.02527 -0.160131
51.3923 340.254 -1.02118 -0.172168
499.978 240.326 -0.943614 0.602831
89.5137 242.052 0.505947 0.76329
694.659 261.858 1.51993 -0.60088
525.497 83.013 -0.412826 2.31932
85.5114 241.747 -0.60404 0.98202
762.122 107.143 -1.68215 -0.0965936
569.141 551.57 -0.459827 0.201222
528.007 522.985 -1.07063 0.00499843
695.992 264.1 0.839595 -0.450298
730.714 161.273 2.84821 -1.41169
86.8796 245.272 -0.543543 1.08517
313.481 514.047 -0.165204 0.411287
153.072 543.504 -0.37843 -2.07992
699.078 268.166 1.65606 -0.371967
731.706 158.87 2.81845 -1.39127
666.27 499.214 2.0318 1.68174
45.0194 343.107 -1.02273 -0.165331
329.94 219.817 -1.33429 -0.607487
