SETTINGS
nbBoids 50
width 800
height 600
r 50
dmin 20
wcoh 0.01
wsep 0.05
wali 0.125
bounce 0
obstacle 1
predator 0
BOIDS
724.688 69.622 2.38099 3.21417
745.838 79.8783 2.36489 3.22604
745.468 77.162 2.29018 3.27949
746.095 67.347 2.34561 3.24008
728.973 83.2018 2.34372 3.24145
727.58 82.6841 2.36572 3.22542
730.974 74.0899 2.2989 3.27338
743.897 76.0716 2.32446 3.21839
725.327 77.0598 2.36477 3.22612
738.056 73.6314 2.39933 3.20051
726.796 69.6741 2.3751 3.21852
734.793 73.2963 2.36391 3.22675
729.201 69.8096 2.32446 3.25529
737.708 89.8777 2.34408 3.21027
742.881 64.0865 2.36062 3.22916
733.851 71.0415 2.3496 3.23719
732.418 67.9344 2.27548 3.28971
741.601 72.6824 2.34862 3.2379
745.518 70.5786 2.34366 3.23445
724.319 72.4937 2.43898 3.16864
742.436 66.7072 2.35156 3.23577
750.371 77.0291 2.39534 3.20172
736.54 87.1105 2.35605 3.23249
742.391 79.7514 2.37074 3.22174
745.922 75.7858 2.36053 3.21209
734.396 67.5083 2.29313 3.27743
734.577 87.1225 2.34658 3.23938
730.476 83.734 2.33259 3.22988
731.328 64.3992 2.32753 3.25309
740.002 63.8737 2.38278 3.21285
744.739 86.998 2.35907 3.23029
733.43 83.5849 2.35734 3.23155
730.495 80.6671 2.34041 3.24384
742.304 71.3378 2.3247 3.25511
725.558 80.9607 2.35974 3.2298
750.607 82.5973 2.38202 3.21341
729.784 77.6714 2.32021 3.25832
742.782 87.1468 2.35916 3.23022
724.721 75.0672 2.32929 3.25183
737.005 67.5979 2.40508 3.16462
741.838 83.5672 2.3578 3.23122
730.465 67.5718 2.32698 3.25348
739.023 66.5658 2.38328 3.21247
750.737 73.1042 2.36346 3.22708
740.127 86.657 2.36016 3.2295
735.221 64.3493 2.34558 3.2401
739.242 83.77 2.35263 3.23499
737.927 77.4005 2.32848 3.25241
745.37 84.2766 2.32942 3.25174
736.169 81.0288 2.33916 3.24474
