SETTINGS
nbBoids 50
width 800
height 600
r 50
dmin 20
wcoh 0.01
wsep 0.05
wali 0.125
bounce 0
obstacle 0
predator 0
BOIDS
28.0695 579.553 -1.01212 2.63375
643.437 495.352 -0.54377 0.770076
410.927 565.394 0.739062 1.75041
721.394 151.114 0.853589 0.536855
189.95 461.426 0.635212 1.8139
188.065 463.446 0.546094 1.86262
750.555 72.3337 -1.08295 2.79673
782.094 204.564 0.866531 0.386523
178.374 496.648 -2.00592 -0.415662
718.305 153.957 0.858728 0.129797
40.7913 29.0299 -1.57019 -0.429718
714.78 149.343 1.11889 0.258721
560.522 71.3466 0.852204 -0.41259
195.824 344.127 -0.813568 0.222653
443.536 529.241 -0.266613 -1.53614
787.973 197.989 0.165624 1.11567
496.419 243.466 3.7012 1.51694
718.744 158.517 0.798505 -0.284546
644.082 493.651 -0.548783 0.77414
42.6181 31.0518 -1.59528 -0.40018
629.504 22.4822 0.580611 -2.12808
33.6247 180.778 0.190771 1.99198
267.927 422.068 -1.64936 1.02233
381.701 212.682 2.60166 3.03831
714.399 284.509 1.26971 -0.833768
707.563 184.052 1.42444 -1.41582
191.971 160.676 0.661987 -0.183819
259.188 570.683 3.09031 0.693907
419.927 441.931 -3.32317 -2.22633
759.932 392.194 1.24641 0.358793
197.72 343.063 -0.770009 0.152119
189.686 162.524 0.66881 -0.178764
261.147 569.414 3.07165 0.750826
751.554 74.4241 -1.08225 2.78681
549.05 514.653 -3.04678 -2.43845
151.815 353.434 1.54682 2.62709
267.044 424.477 -1.61336 0.988146
154.585 353.809 1.60987 2.43086
43.5785 28.6838 -1.60718 -0.40898
725.804 148.712 0.17456 0.445141
501.381 243.952 3.70593 1.50535
740.766 547.683 0.433881 1.43346
189.163 159.581 0.669894 -0.180867
428.219 548.737 0.240231 -0.699433
785.776 201.004 0.340657 0.910735
51.611 292.366 1.14691 -1.1132
767.288 393.701 0.0787799 0.230177
597.695 417.861 -0.678208 0.0681045
409.523 565.438 0.715378 1.69411
767.795 389.996 0.0967865 0.424398
